dn: cn=config
attributetypes: ( 2.25.10508909625911985622145696820691585120.2 NAME 'matrixUsername' EQUALITY caseIgnoreMatch SUBSTR caseIgnoreSubstringsMatch SYNTAX 1.3.6.1.4.1.1466.115.121.1.15 X-ORIGIN 'Extending FreeIPA' )
objectclasses: ( 2.25.10508909625911985622145696820691585120.1 NAME 'matrixUser' AUXILIARY MAY matrixUsername X-ORIGIN 'Extending FreeIPA' )
